minAngle: -0.872665
maxAngle: 0.872665
